   1.0000000e+00  -1.0031260e+00   1.6473141e-01  -2.1040752e+00   2.9288673e-03  -2.2151864e-02   7.6438286e-01
   2.0000000e+00  -6.3293401e-01  -9.9452269e-01   6.9214398e-01   1.6974418e+00  -1.1335214e+00  -7.3820949e-01
   1.0000000e+00  -1.6819923e+00  -1.9552599e+00  -2.1265036e-01   8.9436615e-01  -1.1054134e+00   2.4594313e-01
   2.0000000e+00  -5.6468612e-02  -9.7624988e-01  -7.4976504e-01   1.0107233e+00  -1.2857811e+00  -2.6478486e-01
   2.0000000e+00   1.5615233e-01   3.2554785e-01  -1.9197526e+00   1.1197879e+00   8.4160974e-02   6.0905608e-01
   2.0000000e+00  -8.0542720e-01   6.1117621e-01  -7.1751654e-01  -8.7836160e-01   1.8833104e-01   1.4331776e+00
   2.0000000e+00   1.4465290e+00  -1.1331547e-01  -3.8235509e-01   7.0745336e-01   1.1522908e+00  -1.5883928e+00
   1.0000000e+00   1.9061390e-01   1.6642514e+00  -1.0492719e+00  -4.3808245e-01   7.3292357e-01   1.7686026e-01
   2.0000000e+00   3.2595096e-01  -1.4963098e+00   1.8289603e-02   7.8623935e-01   6.6591779e-01  -1.3575575e+00
   2.0000000e+00  -2.0237839e+00   4.2789512e-01   5.1624831e-01   9.9730707e-01  -3.9288090e-01  -2.4551250e-01
   2.0000000e+00   2.2583647e-01  -1.3499981e-01  -1.4968145e+00   1.2682909e+00  -3.5865254e-01  -1.1051134e+00
   2.0000000e+00  -2.4961761e+00  -2.2583832e-02  -1.4226711e-01   2.0901741e-01  -3.3621396e-02  -6.5341508e-01
   2.0000000e+00  -8.9258535e-01  -8.4563619e-01   6.6656044e-01  -4.9118262e-01   4.2640848e-01  -1.6705907e+00
   2.0000000e+00   6.0794284e-02   5.4028379e-01   3.3761196e-01  -2.7751626e-01   1.6463929e+00  -6.5736835e-02
   1.0000000e+00  -5.4956672e-02  -1.5013711e+00  -1.9279120e+00   7.0388816e-01   9.0158999e-02   2.1181138e-01
   2.0000000e+00  -3.8202042e-01  -2.7448476e-01  -1.1711218e+00   5.9863612e-01   4.2984754e-01   9.9534475e-01
   2.0000000e+00   5.3641062e-01   2.1916460e+00  -7.0902627e-01  -3.7646833e-01  -6.3445181e-02  -9.5904427e-01
   2.0000000e+00  -9.0628703e-01   6.4408353e-01  -1.4598724e-02   1.3052522e+00   2.0914390e-01   1.1101583e+00
   1.0000000e+00   7.4885885e-01  -4.6625440e-01   5.0342640e-01   4.3805847e-01   6.7531652e-02   1.1491138e-01
   2.0000000e+00  -2.4471196e-01   1.9087169e-01  -5.1894913e-01  -1.7334837e-01  -6.4760434e-01  -4.9912417e-01
   1.0000000e+00  -1.7710299e-01  -3.1755067e-01  -2.0384090e+00  -4.3498591e-01   6.4206043e-02   4.1963803e-01
   2.0000000e+00  -7.1859732e-01   4.1834577e-01  -8.1326161e-01   8.3312298e-01  -7.6619467e-01   1.7826096e+00
   2.0000000e+00   1.2538855e+00  -1.1666032e+00   1.6150409e+00  -5.1163813e-01   1.1955726e+00   1.0020244e+00
   2.0000000e+00  -3.4945891e-01  -1.1589868e+00  -6.7647314e-01  -4.3974076e-02   1.3604416e+00   1.3296243e+00
   1.0000000e+00   3.9443873e-01   3.4419543e-01  -1.4065171e+00  -1.0453298e-01   2.8322230e-01   1.3134879e-01
   2.0000000e+00  -1.6091997e+00  -4.2963101e-01  -5.0398045e-01   4.8197697e-01  -7.8053650e-01  -2.7240508e-02
   2.0000000e+00   1.1069499e+00   6.3765770e-01   1.7309856e-01  -1.3196087e+00  -7.7869038e-01   3.4716657e-02
   2.0000000e+00  -1.1330878e+00  -1.0283655e+00   1.3662194e+00   1.9932736e+00  -5.7608186e-01  -2.6367956e+00
   2.0000000e+00   1.1861433e+00   1.3453350e+00   7.9462180e-01  -7.8270755e-01   7.7195360e-01   1.0156877e+00
   2.0000000e+00  -2.0202615e-01  -6.0048547e-02   7.5004526e-01  -1.8606587e+00  -7.3744836e-02   8.0071854e-01
   1.0000000e+00  -3.5509852e-01  -2.4068803e+00   3.1467016e-01  -4.8766282e-01   4.9640767e-01   3.8935940e-01
   2.0000000e+00  -1.7669037e-01  -4.4294498e-01   1.4036043e+00   1.2746731e+00   6.1026751e-01   5.4496608e-01
   2.0000000e+00   6.1034717e-01   1.1908897e+00  -8.5395396e-01   1.8275870e+00   1.6647917e+00   1.6852537e-01
   2.0000000e+00  -2.7770696e-01  -2.5227022e-01  -1.3995265e+00   8.6396286e-01   1.4302423e+00   6.3131037e-01
   2.0000000e+00  -1.5301008e+00   5.0352362e-01  -1.2046914e-01  -1.3439328e+00   3.1503250e-01   8.4861690e-01
   2.0000000e+00   1.1691286e-01  -1.3170406e-01   1.3285110e+00  -1.2360411e+00  -1.0243319e+00  -2.0619360e+00
   2.0000000e+00  -1.3777660e+00   1.8942042e-01   1.0799557e+00  -8.1532270e-01  -4.1299710e-01   1.1368798e+00
   2.0000000e+00  -1.1394602e-01   9.4005965e-01  -8.6106616e-01  -3.7760452e-01   1.7881343e-01  -4.5774906e-02
   1.0000000e+00   1.3789696e+00   5.5668315e-01   5.7873202e-01  -5.8954226e-01  -1.3209546e-03   2.9700742e-01
   1.0000000e+00   6.4587556e-01  -2.7273117e-01   6.2728404e-02   7.4110616e-01  -3.6014134e-01   6.5177162e-01
   2.0000000e+00  -1.3054925e+00   1.1963631e+00   4.6522416e-01   1.3761141e+00   1.1620288e+00   3.1640638e-01
   2.0000000e+00  -7.2351729e-01  -1.3785843e+00   5.3540539e-01  -8.1189423e-01  -7.0658518e-01  -1.4490248e+00
   2.0000000e+00  -4.2114340e-01  -5.6675434e-01   3.4085517e-01   8.4611916e-01  -7.2556736e-01  -4.8430315e-01
   2.0000000e+00  -3.7163099e-01  -2.7611854e-02   1.4482641e-01  -9.2571492e-01   4.1100980e-01   7.3311599e-01
   2.0000000e+00  -3.1852914e-01   2.4161865e+00   3.3235213e-01   8.5393426e-02   8.8861181e-01  -2.6341727e-01
   2.0000000e+00   4.4814537e-01  -7.0575313e-01   2.2277823e-01  -1.5460233e+00  -1.2466074e+00   1.1528835e+00
   2.0000000e+00   2.4692083e-03   1.5027528e+00   3.0032105e-01   3.6575781e-01  -7.9338248e-03  -7.1247784e-01
   1.0000000e+00   2.1216743e+00   7.7452215e-01   4.1554934e-01  -5.4081160e-01   6.6471744e-01   3.5083326e-01
   2.0000000e+00   8.9018668e-01  -3.1675339e+00  -9.3582885e-01  -2.7934070e-01   1.4511917e+00  -9.8533921e-01
   2.0000000e+00  -2.8100857e+00  -8.1964076e-01   1.0210513e+00   5.4575183e-02  -2.0919139e+00   4.7540494e-01
   2.0000000e+00  -5.8884502e-01  -5.3895223e-01   1.9114159e-01   9.0982488e-01   5.3219545e-01  -6.7901952e-01
   1.0000000e+00   1.1316331e+00   1.1184523e-01  -1.2638124e+00  -1.1497202e-01  -3.3181541e-01   1.2145866e-01
   2.0000000e+00   4.8638308e-01   4.9131444e-01  -7.7667393e-01   3.4477871e-01   4.0886005e-01  -4.5782642e-01
   1.0000000e+00  -1.4855916e+00   9.1402213e-01  -1.1570680e-01  -3.4052326e-01  -1.0558722e+00   7.5307694e-01
   2.0000000e+00   5.1934097e-01  -1.0477088e+00   1.3684923e-01   2.3484346e-01  -8.8342110e-01  -1.4850260e+00
   1.0000000e+00  -8.3994087e-01   5.2838713e-01   1.5270564e-01   3.4283516e-01   7.2730320e-01   9.8651085e-02
   2.0000000e+00   5.9546813e-01  -4.1201567e-01   1.5492995e+00   1.1159438e+00  -1.4649677e+00   1.6925853e+00
   2.0000000e+00  -2.6532477e-01   3.5808947e-01  -1.3168252e+00  -2.4761677e-02   1.0006110e+00  -1.5564456e+00
   2.0000000e+00   7.0409136e-01   1.8012278e-01   7.9048411e-01  -2.3723583e+00  -6.7625572e-01  -1.4046318e+00
   2.0000000e+00   1.3707289e+00  -1.6141207e+00  -6.0880367e-02  -2.2862513e-01  -1.3637931e-01  -9.9939454e-02
   2.0000000e+00  -3.2732471e-03  -2.9102519e-01   6.8245152e-01  -1.8615625e+00  -6.6798919e-02   1.2740484e+00
   2.0000000e+00  -3.2399507e-01  -2.1717846e+00  -1.1368894e+00   1.4756313e+00  -4.7802872e-01   1.6403099e+00
   1.0000000e+00   1.8249892e+00  -1.8175892e+00   1.4649255e+00  -5.8503793e-01  -3.3949835e-01   7.7782243e-01
   2.0000000e+00   1.9284453e-01   3.3420514e-01   7.3083553e-01   2.6389990e-01  -6.9449442e-01  -1.4413439e+00
   1.0000000e+00   1.3598676e+00  -1.3194373e+00   5.8231508e-02   2.1150899e-02  -1.7723051e-01   5.2255555e-01
   2.0000000e+00  -1.1464777e-01   1.6593385e-01   9.4459909e-01  -6.0709745e-01   2.1353934e-01   9.0158928e-01
   2.0000000e+00  -9.2704541e-01   1.4085184e+00  -7.1258756e-01   1.0792647e+00  -3.2419048e-01   1.2339723e+00
   1.0000000e+00  -1.4675376e+00   1.3434689e+00   5.6392116e-03  -5.1882806e-01  -7.2135086e-01   6.5656302e-01
   2.0000000e+00   1.5724285e+00  -1.1245799e+00   5.0781042e-01  -1.8662756e-01   1.5415161e+00   1.1888284e+00
   2.0000000e+00  -5.1993381e-01   2.7208040e-01   1.1017249e+00  -1.8689231e+00  -7.6806594e-01   1.1418662e+00
   2.0000000e+00   9.4039168e-01   3.0957850e-01   2.0766901e+00  -8.8783848e-01   1.0578555e-01  -1.1484440e+00
   2.0000000e+00  -1.0421065e+00  -2.1577214e-01   3.2956947e-01   6.4857890e-01  -9.4224700e-01  -1.1482618e-01
   2.0000000e+00   1.2754845e+00   1.0425763e+00   9.1788105e-01   1.0116011e+00   1.4127418e-01  -8.7893500e-02
   2.0000000e+00  -1.0940210e+00  -1.9757214e-01   3.1943802e-01  -1.0336252e+00   1.4538040e+00   1.3543704e-01
   2.0000000e+00  -7.5669011e-01  -1.6553396e+00   1.7933854e-01  -4.9118872e-01   1.3104937e+00  -4.4291309e-01
   2.0000000e+00  -1.1459365e-01  -2.3704710e-01  -8.5806550e-01   2.3127732e+00  -5.1175479e-01  -1.6570000e+00
   2.0000000e+00  -1.5914164e+00   3.2232894e+00  -4.3123569e-01   1.4009346e-01   4.4404354e-01  -1.5520328e-01
   2.0000000e+00  -6.7769944e-01   1.0349553e+00  -1.5790180e+00  -8.1303658e-01  -1.8740060e-01  -3.7903071e-01
   2.0000000e+00  -1.2076687e-02   2.4360687e-01  -2.3380573e-01  -1.1551064e+00   1.1858379e+00  -1.6813838e+00
   1.0000000e+00   4.7972250e-01   5.3570965e-01   1.8477566e+00   1.7299056e-01  -9.4992491e-01   5.3207772e-01
   1.0000000e+00   1.7265585e+00   4.4083438e-01   1.7526157e-01   3.0267207e-01  -1.5517434e-01   4.8293155e-01
   1.0000000e+00   1.7232742e+00   2.1547327e+00   6.9663807e-01  -1.3763689e-01  -1.2005820e+00   6.7583222e-01
   1.0000000e+00   8.1497774e-01   9.0911850e-01   1.8778293e-01  -1.5951557e-01   7.3073287e-01   6.0853518e-03
   2.0000000e+00   1.3730659e+00  -9.3451700e-01   9.2793532e-01  -4.2993114e-01   1.5301599e+00  -1.1283530e+00
   2.0000000e+00  -1.2838883e-01   7.5603410e-01  -5.7301055e-01   7.8731520e-01  -3.3688528e+00   1.3655813e+00
   2.0000000e+00   8.1490136e-01   9.4567016e-01  -7.9993364e-02  -4.9941665e-01  -9.7089152e-01  -1.4756406e+00
   1.0000000e+00   4.2160641e-01   6.2876983e-01  -6.0254309e-01   3.0667352e-01  -1.6623451e-01   1.5238786e-01
   2.0000000e+00   1.1404174e+00   8.8894917e-01   8.4724620e-02  -1.7931172e+00  -2.1654522e-01   2.4689616e-01
   2.0000000e+00  -1.5567839e+00  -1.3494195e-01  -1.4252847e+00   9.3043835e-01  -1.2733139e+00  -1.9027482e-01
   2.0000000e+00  -1.3199559e+00  -3.2342926e-01   7.4157548e-01  -6.6184504e-01   9.9564465e-02  -4.4858890e-01
   2.0000000e+00  -2.6493774e-01   1.8674580e+00   1.1237112e+00  -4.5475157e-01  -1.1688649e+00   9.8212285e-01
   1.0000000e+00   4.6584870e-01   1.5819572e+00   1.4139185e-01  -1.9165576e-01  -2.4290283e-02   6.7858584e-01
   2.0000000e+00  -3.5807925e-01  -5.8751955e-01  -1.0326026e+00   4.5147485e-01   3.2192957e-01  -2.1856307e+00
   2.0000000e+00   1.6520926e+00  -1.4452634e+00   4.2226272e-01   9.3041583e-01  -6.1063598e-01   2.1077088e+00
   2.0000000e+00   1.0865111e+00  -2.6938850e-01  -9.4887912e-01  -1.8086835e-01  -9.4134230e-01   1.7417279e+00
   2.0000000e+00  -1.4070933e+00   1.1134714e+00  -6.6001902e-01   8.7437164e-01  -2.0167467e+00  -1.5777381e-01
   2.0000000e+00   5.0948752e-01   5.4335519e-01   1.4646495e+00  -1.2062618e+00   5.8852630e-01   5.4772614e-01
   1.0000000e+00  -1.2187836e+00  -6.0756217e-01   5.7262262e-01  -2.5153185e-01  -7.5715032e-01   5.3418522e-02
   2.0000000e+00  -1.1501002e+00   3.2535648e-01  -2.9674013e-01   6.9658748e-01  -2.8431953e-01  -1.6814748e+00
   2.0000000e+00  -1.2263192e+00   2.3038077e-01   1.3425200e+00   1.4407745e-01  -3.7086539e-01   1.8608472e+00
   2.0000000e+00   5.6558830e-01  -6.4115366e-01  -5.9078855e-01   5.7819471e-01  -4.7007237e-01  -1.9185194e+00
   2.0000000e+00   9.4621720e-01  -2.3957780e-01   4.9581926e-02   3.2178525e-01   1.3712008e+00  -5.3459282e-01
   2.0000000e+00  -6.6858018e-01  -5.6021225e-01  -6.0174541e-01   9.7400416e-01   4.0270214e-01  -1.0404080e+00
   2.0000000e+00  -1.7634210e+00   1.0630511e+00   9.2902665e-01  -1.1532328e+00   5.5539806e-01  -1.1091803e+00
   2.0000000e+00  -1.6337530e-01  -1.0258228e-01  -7.5933543e-01   1.8395222e-01   2.5781209e+00   1.8937023e+00
   1.0000000e+00  -6.3875075e-01  -4.2950419e-01  -2.8677572e-01   1.4827201e-01  -9.1298944e-01   4.6828807e-01
   2.0000000e+00  -7.2227279e-01   1.1293170e+00  -9.0346264e-01   1.5578770e+00   1.4914224e+00  -5.5059214e-01
   1.0000000e+00  -7.0038128e-01  -8.8251140e-01  -3.8147716e-01   6.2890554e-02  -8.2131420e-01   1.9930135e-01
   1.0000000e+00   7.9994148e-01  -1.7933429e-01  -8.1627746e-01  -5.8844439e-02   3.6050929e-01   9.3719516e-01
   1.0000000e+00   8.8144937e-01  -8.0823729e-01  -6.3173964e-01  -7.1941462e-01  -1.2582656e+00   4.4526519e-01
   2.0000000e+00   1.5596582e-01  -5.6815191e-01  -6.1425583e-01   5.3372631e-01   3.1510310e-01  -7.3019283e-01
   2.0000000e+00   4.4559216e-01  -7.3330946e-01   1.2441398e+00   8.7730230e-01   3.3272116e-01  -4.7150463e-01
   2.0000000e+00  -3.4507138e-01  -1.7712538e-01   1.5748757e-01   8.8766649e-01   1.2877583e-01   1.6937693e+00
   2.0000000e+00  -4.5803926e-01   9.5067541e-01  -1.3306017e+00   1.1163776e+00   5.7893548e-01   7.4305835e-01
   2.0000000e+00   1.6140537e+00  -8.9891670e-01   6.5162257e-01   4.2298017e-01   3.8389379e-01   2.8238526e+00
   1.0000000e+00  -6.4527313e-01  -6.5834207e-01   5.2717895e-01  -7.2238947e-01   2.5430485e-01   5.1386533e-01
   2.0000000e+00  -1.4800974e+00  -1.2776910e+00   5.5662116e-01   2.4188661e+00   9.7255395e-01  -9.4503292e-01
   2.0000000e+00   2.9888621e-02   6.4299186e-01  -9.9105281e-01  -1.8061127e+00   9.0068278e-01   1.3672668e+00
   2.0000000e+00  -6.7855620e-01   1.2310954e+00   1.2251675e+00   1.5912991e-01   5.9327529e-01  -1.5962771e+00
   2.0000000e+00   4.0406476e-01  -1.8211237e+00  -1.4418127e+00   4.1101116e-01  -2.1778139e+00   9.8350890e-01
   2.0000000e+00  -1.0493062e+00   8.8696521e-02  -6.6656916e-01  -6.7241891e-01  -1.6462190e-01   1.4939902e+00
   2.0000000e+00  -2.3535814e-01   1.3813867e-01   1.3195202e+00   1.5541548e-01   6.1671544e-01  -6.8239217e-03
   2.0000000e+00   1.4853169e-01  -1.5730536e+00  -9.8551303e-01  -4.7356829e-02   1.3573800e+00   1.1026343e+00
   2.0000000e+00  -2.0219125e+00   2.4767882e+00  -4.5180028e-01  -1.4273840e+00  -1.1846559e+00   6.8769242e-01
   2.0000000e+00   1.1165934e+00  -9.3617024e-01  -7.1655370e-01  -3.8755396e-01   1.9955043e-01  -1.9267818e+00
   1.0000000e+00  -6.5601387e-01  -2.3297364e+00  -1.0417250e+00   2.3109704e-01   3.7856810e-01   7.7773827e-02
   1.0000000e+00  -9.4839674e-01  -5.5004702e-01  -1.0383878e+00  -9.4052003e-01   9.3461812e-01   3.1941642e-01
   2.0000000e+00  -2.3913792e-01  -1.0175393e+00   1.0330330e+00   3.2072925e-01  -7.2628036e-01   1.6187948e+00
   2.0000000e+00   6.7011592e-01  -1.1710159e+00  -2.8158568e+00  -9.1000314e-01   4.7300212e-01  -4.0015245e-01
   2.0000000e+00   7.9070118e-01   1.4838447e+00  -4.4876420e-01  -1.4689728e+00  -5.8093538e-01  -2.7747184e-01
   2.0000000e+00  -1.9420999e+00   5.1632601e-01  -2.1007542e+00  -1.3709325e+00   1.4896416e+00  -3.0450924e-01
   2.0000000e+00  -4.8710658e-01   1.4934786e+00   2.7372813e-01  -5.2055811e-01   1.2958648e-01  -5.0420011e-01
   2.0000000e+00  -3.7766901e-01  -4.3179951e-01   8.9735953e-01   1.2290757e+00  -7.1252495e-02  -7.2768898e-01
   2.0000000e+00   1.5316026e+00   1.6727099e-01  -1.0728821e+00   1.3407611e+00  -1.5391657e+00  -5.7229188e-01
   2.0000000e+00   2.1091690e-01   1.7304862e+00  -6.0762200e-01  -9.3107361e-01  -1.0723627e+00  -1.6965640e+00
   2.0000000e+00  -2.1363953e-01  -2.3173779e+00   9.8625855e-01  -4.9341421e-01  -2.1475617e-01  -1.9529805e+00
   2.0000000e+00   2.5488346e-01   1.7915144e+00  -2.0358956e-01   6.6538300e-01   7.7722138e-01   7.9571692e-01
   2.0000000e+00  -4.2792426e-02  -1.1059806e+00  -1.1464628e+00  -8.8946923e-01   4.5397757e-01  -1.3413971e+00
   1.0000000e+00   9.7332617e-01  -4.8373849e-01   5.9435290e-01  -1.5185427e-01   5.7012572e-01   7.4931503e-01
   2.0000000e+00   2.6595006e-01  -5.0449601e-02  -1.8205398e-01  -2.4430374e+00  -1.8361162e+00   4.0174475e+00
   2.0000000e+00   8.9158232e-01  -8.7789312e-01   3.2887128e-01   1.6496370e+00  -7.3946072e-01  -1.1653852e+00
   2.0000000e+00  -1.0518428e-01  -8.2453397e-01  -7.3523667e-01  -1.0563688e+00  -7.3087965e-01  -4.5963231e-01
   2.0000000e+00  -7.2321143e-01  -6.3541940e-01  -2.8976990e-01   8.7322492e-01   1.7287612e+00   7.9350007e-01
   2.0000000e+00   7.8772837e-01  -7.8217087e-01  -1.6397873e-01  -5.5190118e-01  -3.1247993e+00   9.2033484e-01
   2.0000000e+00  -1.3779253e+00   1.0314235e-01  -4.7447905e-01  -6.6000417e-01   4.0386931e-01  -7.7150321e-01
   2.0000000e+00   4.8906649e-01   5.3100667e-01  -6.6790408e-01   9.1496710e-01  -2.5859937e+00  -1.6682877e+00
   2.0000000e+00   5.0414521e-01  -5.6174187e-01  -8.5800914e-01   4.5869041e-01   1.4377889e+00   1.2218185e+00
   2.0000000e+00  -1.9585330e-01  -3.0085241e-02   7.5438745e-01   7.4319409e-01   9.6443154e-01   1.2590413e+00
   2.0000000e+00  -6.1744671e-01   1.0600084e+00   3.5221952e-01   1.0207886e+00   6.0612136e-01   5.2481975e-01
   2.0000000e+00   1.3016130e+00  -7.4657030e-01   4.3332585e-01  -2.2744372e+00   6.9758422e-01   7.3086766e-01
   1.0000000e+00   7.7029761e-01  -8.0998516e-01   1.6048115e+00  -7.0188607e-01   5.7568694e-01   6.9398345e-01
   2.0000000e+00   2.4884079e-01   2.4427109e-01   7.2015767e-01  -1.6749026e+00  -1.3475019e-02  -9.3018849e-01
   2.0000000e+00   5.0673494e-01  -4.6464946e-01   2.5217828e+00   3.9797544e-01   4.6253408e-01  -7.3403184e-01
   2.0000000e+00  -1.0589113e+00   1.2460905e+00   1.2919323e+00   1.7894950e+00  -1.0554515e-01   2.2999207e+00
   1.0000000e+00  -2.2746612e+00  -1.3723332e-01   2.4717835e-01   4.8352880e-01  -1.6446928e-01   1.5877183e-01
   1.0000000e+00   3.8538474e-01  -6.6193352e-01   1.1723559e+00  -2.3060731e-01  -1.0288421e+00   4.3570115e-01
   1.0000000e+00   4.5636512e-01   6.2099113e-01  -4.3554390e-01  -1.8279393e-01  -3.7252876e-01   8.7783420e-01
   2.0000000e+00   1.1505765e+00  -3.6098442e-01   3.1910472e-01  -6.1243537e-02  -9.4793201e-01  -1.1431364e+00
   2.0000000e+00   3.8285587e-01  -7.9469681e-02  -6.2548885e-01   1.2325487e+00   3.3602069e-01  -5.1921020e-01
   2.0000000e+00   2.3355696e+00   2.7009938e-02  -1.1561075e+00   1.1147538e-01  -1.0514162e+00  -2.1396675e+00
   2.0000000e+00   6.8396168e-01   5.6080912e-01  -1.7202202e-01   1.2319995e+00   1.4890764e+00  -1.7822683e+00
   1.0000000e+00   1.0846595e-01   9.0096972e-01  -4.8388412e-01  -4.0334158e-01   3.3799164e-01   8.5210615e-01
   2.0000000e+00  -1.3639901e+00  -8.3419074e-01  -6.7096350e-01   7.5150053e-02   5.9666511e-01  -1.8149759e-01
   2.0000000e+00   5.2025754e-01   2.3093233e+00   1.0089956e+00  -3.8791919e-01   1.3226958e+00   1.2371521e+00
   2.0000000e+00   8.5570932e-01   1.2122413e+00  -5.6241288e-01   5.9793441e-01  -8.2653002e-01  -1.6847241e-01
   2.0000000e+00   1.3553179e-01  -5.5490559e-01  -1.2305724e+00  -7.5244252e-01   4.3849253e-02  -8.7759384e-02
   2.0000000e+00   1.0879470e-02   2.4291528e-01  -8.3631712e-01   1.4545327e+00  -2.4816265e-02   1.9078760e+00
   2.0000000e+00   3.9397026e-01  -3.3457522e-01  -1.9040151e+00   1.3203891e+00   1.0751326e+00   6.4122202e-01
   2.0000000e+00   1.0659878e+00   1.3954650e+00  -9.2467813e-01   4.8151036e-01   2.3733134e-01   1.2990767e+00
   2.0000000e+00   3.9053343e-01   3.2425108e-01  -1.4081390e+00   6.9691642e-01  -1.0003500e+00   1.4488739e+00
   2.0000000e+00   9.8046090e-01   7.1088336e-01  -1.9580977e-01   1.0964576e+00  -1.3813088e+00  -1.9206369e-01
   1.0000000e+00  -1.0389976e+00   1.2950043e+00   9.4075786e-01   3.1873486e-01   1.3402327e+00   1.3058655e-01
   2.0000000e+00  -9.2136924e-01  -6.1709405e-01  -4.8176069e-01   9.0858594e-01   1.0714062e+00   5.4508932e-01
   2.0000000e+00  -1.5820158e+00  -1.4866537e-01   3.5522434e-01  -1.2968905e+00  -2.4107321e+00   2.4797149e-01
   2.0000000e+00  -3.1617930e-01   6.3610690e-01   1.3939088e-01  -5.3909228e-02   1.1737536e+00  -1.3968038e+00
   2.0000000e+00   2.3824504e-01   6.8736072e-01  -5.9151381e-01  -4.7014559e-01  -7.1652466e-02  -1.3584384e+00
   2.0000000e+00  -1.1692220e+00   1.1216685e+00   9.7486701e-01   1.2588241e+00   3.6864006e-01   1.0329862e-01
   2.0000000e+00   1.1744172e-02   3.1834005e-01  -2.6627739e+00  -4.1110420e-01   1.1354477e+00  -1.4887514e+00
   2.0000000e+00   7.0453947e-01   1.7939759e+00   2.2505416e-01  -8.2393557e-01  -8.0899585e-01  -1.3595217e-01
   2.0000000e+00  -9.2040167e-02  -1.4087569e+00  -3.3114776e-01  -7.8922051e-01  -4.8446424e-01  -3.8989553e-01
   2.0000000e+00   7.6936474e-01  -2.6900960e-01   1.2288606e-01   5.2123315e-02   1.6599440e-01  -6.7746988e-02
   2.0000000e+00   6.6290615e-01   5.8919178e-01  -1.1170169e+00   1.6878568e+00   1.3972715e+00  -8.2724598e-02
   2.0000000e+00   1.0990135e+00   5.2140194e-01  -8.7880144e-01  -1.4493211e+00  -5.7227364e-01  -7.8588173e-02
   2.0000000e+00   5.4222741e-01   5.7746074e-01   2.5050826e+00  -3.7347859e-01   5.1012374e-01  -3.7749179e-01
   2.0000000e+00   1.3610963e+00   1.5918213e+00  -1.8044606e-01   7.1809926e-01  -7.1222272e-02  -9.1827846e-01
   2.0000000e+00   4.0946573e-01   3.2464166e-01   7.5836102e-01   2.7157919e-01  -2.6081060e-01   1.2388695e+00
   2.0000000e+00   3.8436273e-01  -1.6135919e+00  -3.5171624e-01   4.4336597e-01  -1.3178044e+00  -4.3250940e-01
   2.0000000e+00  -5.3859459e-01   5.2867490e-01   1.0874940e-01   1.7591361e+00   5.8324999e-01  -2.6197719e-01
   1.0000000e+00  -1.5992391e+00   3.1045842e-01   7.0413272e-01   2.2444310e-01  -6.3916663e-01   9.2648088e-01
   2.0000000e+00   4.3300509e-01   1.4213751e+00  -1.0765016e+00  -1.4918638e+00   9.4649245e-02  -1.3855955e+00
   2.0000000e+00   1.3529448e+00  -1.9511606e-02   5.2652587e-01  -2.0714263e-01   1.0764748e+00  -7.5605942e-01
   1.0000000e+00   4.2987699e-01   5.2266195e-01  -2.5333771e+00  -7.9686834e-02  -3.1553494e-01   9.3801294e-01
   2.0000000e+00   9.4338549e-01  -1.0952817e+00  -1.0004356e+00  -9.0180106e-01   8.3628145e-01   1.2601295e+00
   2.0000000e+00  -9.9309511e-01   1.0785992e+00  -9.8588396e-01   4.6634919e-01   4.5998462e-01  -1.9157994e+00
   2.0000000e+00   1.3132088e-01  -1.2533534e+00   7.3891337e-02   1.0694875e+00  -9.1560680e-01   9.0466855e-01
   2.0000000e+00   1.4226476e+00   1.4235829e-01   1.0658968e+00  -5.4094983e-01   4.1308457e-01  -1.3438268e-01
   2.0000000e+00   1.2145979e+00  -2.0275654e-01   1.4234763e+00   8.4544001e-01  -6.5772652e-01  -1.8020901e-01
   2.0000000e+00  -8.2410224e-01   4.4966885e-01   1.6703859e+00   1.3041266e+00  -3.1213463e-01   3.7724038e-03
   2.0000000e+00   6.4971194e-02  -1.8609136e+00   1.2120652e+00  -7.7694260e-02   1.5335483e+00   1.3509034e+00
   2.0000000e+00   3.1276367e-01   1.6429118e+00   1.5963159e+00  -1.5903376e+00  -1.2508626e+00   2.5063935e-01
   2.0000000e+00   1.3855370e+00   3.1840836e-01   5.5252203e-02  -1.2344041e+00   6.3080577e-01   5.7685749e-01
   2.0000000e+00  -9.7617139e-01   1.3001909e+00  -2.2180033e+00  -6.9108616e-01  -1.9844783e-01   1.4355597e+00
   2.0000000e+00  -3.1443998e-01  -7.0842224e-01   1.4607951e+00  -7.5188150e-01  -5.5650786e-01  -3.3623138e-01
   2.0000000e+00   1.2310452e-01  -4.7549219e-01  -5.2589648e-01  -1.0765634e+00  -5.8593938e-01   1.6737505e+00
   2.0000000e+00  -4.1844286e-01   4.6126424e-01  -5.7877283e-01  -1.8586807e+00   1.7772334e+00  -6.7098594e-01
   2.0000000e+00  -2.2083111e+00  -9.1609016e-02   1.0978655e+00  -8.4128443e-01   3.0798516e-01  -3.0159048e+00
   1.0000000e+00  -5.7852316e-01  -2.0881292e-01  -1.0103701e-01  -2.3840127e-01  -1.2120329e+00   4.8380906e-02
   1.0000000e+00  -1.9231167e-01  -1.9720769e-01  -4.4308191e-02   3.9424464e-01   4.0410844e-01   3.2479396e-01
   2.0000000e+00   2.3724473e-01   1.7190305e-01  -4.7611963e-01   1.6333156e-01  -4.9988946e-01  -4.8491755e-01
   2.0000000e+00  -5.5707054e-01   1.6282132e-03   6.5551354e-01  -2.3166349e-01   3.2957318e-01  -2.8483518e+00
   2.0000000e+00  -3.6023032e-01  -1.3438438e+00   7.2454664e-01   1.4891472e-01   7.9444433e-02   1.9482985e+00
   1.0000000e+00  -1.8279368e+00  -9.0996291e-01  -6.5708984e-01  -3.7689145e-01  -8.3062129e-01   7.5901533e-01
   2.0000000e+00   1.1446652e+00   1.4213747e+00   8.4278615e-01  -5.3361521e-01   2.2544797e+00  -6.6668714e-01
   2.0000000e+00  -3.6022638e-01   6.7915673e-01   1.8987073e+00   4.1339255e-01   1.1293445e+00  -9.4675460e-01
   2.0000000e+00   4.5671930e-01   1.9326630e-01  -3.4877806e-01   1.7262611e+00   2.4282636e+00   1.8555172e+00
   2.0000000e+00   2.5718302e-01  -4.2156488e-01  -2.8864811e+00   1.6874943e+00  -2.3356786e-01   6.4353277e-02
   2.0000000e+00  -1.6501560e+00   9.8845038e-01  -2.4790589e+00  -2.6561954e-01  -1.0238395e+00  -1.5813383e+00
   2.0000000e+00   1.4267064e+00   6.6612855e-01  -1.4985880e+00   3.4043076e-01  -8.2291054e-01  -1.5992632e-01
   2.0000000e+00  -1.3937128e+00   8.1220768e-01  -6.0209576e-01  -1.0245340e+00  -3.7319088e+00  -9.4182514e-01
   2.0000000e+00   2.2554398e+00  -7.3818586e-01  -2.9685801e-01   4.5831418e-01  -9.6404263e-01  -6.0472407e-01
   1.0000000e+00  -1.6446882e+00   7.8414280e-01  -8.5631648e-01  -2.8856354e-01   3.8908635e-01   4.1871417e-01
   1.0000000e+00  -5.2358893e-01  -1.7841368e-02  -4.3585111e-01   3.8031215e-01  -4.3393919e-01   7.7132824e-01
   2.0000000e+00   1.9012170e-01   5.4070408e-01   6.2029723e-01   9.3229551e-01  -3.6346146e-01  -9.5844700e-01
   2.0000000e+00   2.1285555e+00  -1.8228917e+00   7.0727385e-01   7.1391703e-01   3.5423637e-02  -8.3321338e-01
   2.0000000e+00  -1.6239137e+00  -6.4794153e-01   3.4631797e-01  -1.1526418e-01  -1.7245690e+00  -4.8662444e-01
   2.0000000e+00  -1.2301064e+00  -1.1698359e-01   1.9313569e+00   7.4021448e-01  -4.3947570e-01  -1.4342045e+00
   2.0000000e+00   1.6639022e+00   9.1769716e-01   7.7843949e-01  -6.6397259e-01   1.2048277e+00  -7.8981741e-01
   2.0000000e+00  -8.5337093e-01  -1.3871466e+00   1.8041334e+00   9.3039381e-01   3.1606976e-01  -3.3603665e-01
   2.0000000e+00  -2.5899024e-01   2.0370063e+00   1.0666267e+00  -1.5835128e+00  -7.6063256e-01   4.5697092e-01
   2.0000000e+00   6.1663627e-01   4.6143381e-02   1.2154719e+00  -1.8261847e+00   9.0277631e-01  -1.1769073e+00
   2.0000000e+00  -1.4044164e-02  -4.5201429e-01  -1.6240870e+00  -1.3451984e-01   3.6941105e-01   1.0863516e+00
   2.0000000e+00  -8.0591523e-01  -7.2616680e-01   2.0185541e-01  -3.2455936e-01  -2.5376247e+00   7.7741944e-01
   2.0000000e+00  -5.8052581e-01   1.7207953e+00   1.7583051e+00  -1.7468405e+00   1.3705131e+00   1.9387067e-02
   1.0000000e+00   3.0820950e-01  -3.5318568e-01   4.4044027e-01   3.6761811e-01   5.6838366e-01   6.0657758e-01
   2.0000000e+00   2.6242467e-01  -4.4961402e-01  -6.7086737e-01  -1.6862375e+00   2.4767701e-01   7.0285217e-02
   1.0000000e+00   4.4094842e-01   1.3325037e-01   2.0387422e+00  -5.7240964e-01  -2.5815395e-01   4.8953183e-02
   2.0000000e+00  -9.8036852e-01   6.9536105e-01  -5.3189771e-01   8.3081540e-01  -1.5130131e+00  -1.2825352e+00
   1.0000000e+00  -2.7066751e+00  -1.1600627e+00  -9.6929011e-01   6.3297413e-01   4.1379850e-01   2.2196162e-01
   2.0000000e+00   3.9552373e-01  -7.0597397e-01   3.3678178e-01  -4.6840193e-01   6.2299616e-01  -9.4653801e-01
   1.0000000e+00   8.9448676e-01  -1.2234605e+00   4.1669765e-01   3.6332797e-01   5.1536740e-01   3.7183185e-01
   2.0000000e+00   8.3907173e-02   4.4037243e-01   2.5319046e-01  -1.6684137e+00  -2.1594808e-01  -1.0730723e+00
   2.0000000e+00  -4.2832591e-01  -1.0741017e+00   8.4707319e-01   9.0323381e-02  -4.9817675e-02  -8.4934925e-01
   2.0000000e+00   1.5949890e+00  -7.9990994e-01  -1.5200641e+00  -1.0021500e+00  -4.4369755e-01  -5.3588189e-01
   2.0000000e+00   1.4501323e+00  -3.7529570e-01  -8.4595317e-01  -6.5075632e-01  -3.5914531e-01  -1.0317194e+00
   1.0000000e+00  -9.3495288e-01  -1.2300251e+00  -2.3897659e-01   1.6886116e-01   9.4483832e-01   1.2923769e-01
   2.0000000e+00   6.7141392e-01   3.6054794e-01   5.7036169e-01   7.9081857e-01  -9.4160009e-01  -2.5120439e+00
   2.0000000e+00  -5.1228229e-01   1.3587146e+00   9.9585515e-01   4.4185086e-02   1.2976279e+00   1.3529981e+00
   2.0000000e+00   7.2868481e-01  -3.4477547e+00   6.1583675e-01  -1.5109756e+00   3.9120741e-01  -2.6436579e-01
   2.0000000e+00  -9.9732304e-02   1.9300344e-01  -1.5128589e+00   2.2227255e+00   3.3701042e-02   1.8342316e-01
   2.0000000e+00   1.3502287e+00  -4.4538265e-01  -3.1681890e-01  -3.6833920e-01   1.2758309e-01  -6.7259612e-01
   2.0000000e+00   9.3534867e-01   9.0215465e-01   1.8520675e+00  -1.2420634e+00  -1.2078052e+00  -1.4796571e-01
   2.0000000e+00   6.1833160e-01   4.6788921e-01   2.3808334e-01  -7.1127671e-01  -4.1784832e-01   1.0833695e+00
   1.0000000e+00   1.2958173e-01  -1.4204628e+00  -4.5126104e-01  -7.5122249e-01  -4.9985753e-01   2.7584999e-01
   1.0000000e+00   5.0978640e-01   6.2488206e-01  -1.6613417e+00  -5.5453362e-01   8.6673141e-01   5.8194017e-01
   1.0000000e+00   9.9212037e-01  -3.0972791e-01   1.4176826e-01   1.1760819e-01  -1.0098104e+00   2.4420117e-01
   2.0000000e+00   2.5755389e-01  -1.4276588e+00  -1.3696095e+00  -1.4047678e+00   1.0145881e+00   5.5528470e-01
   2.0000000e+00   3.8512992e-01   1.0243985e+00  -7.2404497e-01  -7.8936424e-02  -1.0738605e-01  -1.6201116e+00
   1.0000000e+00  -5.4884784e-01   1.9625413e-01  -9.2755271e-01   2.6233249e-01   2.5445323e-01   6.1668129e-03
   2.0000000e+00   2.3875548e-02   1.8151386e-01  -1.3506780e+00  -1.3767590e+00   3.4397855e-02  -7.2322267e-01
   2.0000000e+00  -1.0927337e+00   1.5356547e+00   1.3562559e-01  -2.7439750e-01  -1.3223391e+00  -2.2466519e-01
   2.0000000e+00   5.2863281e-01   1.0293652e+00  -1.1607399e+00   8.6797148e-01  -2.0107976e-01   6.3289163e-01
   2.0000000e+00  -6.7145441e-01  -9.5584893e-01   5.3962665e-01   8.3994593e-01  -1.8084416e+00  -4.1405731e-01
   1.0000000e+00   8.2646178e-01  -2.9560678e-02   2.2887168e-01  -1.7197798e-02   1.2783721e+00   1.5192282e-01
   1.0000000e+00  -9.2494935e-01  -4.4607036e-01   1.2900570e+00  -1.8276174e-01  -8.5176442e-01   4.2299229e-01
   2.0000000e+00   1.2230194e+00   2.1975096e-01   9.8375486e-02  -1.0171115e+00  -1.5950733e-01  -7.1451002e-02
   2.0000000e+00   1.3371591e+00   2.1814392e+00   5.5780363e-01   6.0593107e-01   9.0693614e-01  -5.1266345e-01
   2.0000000e+00  -1.4910436e+00  -3.7048797e-01  -1.4729391e+00   1.0640994e+00  -1.3519870e-01  -1.7035775e-01
   2.0000000e+00   2.9384254e-01  -8.4265462e-01   3.8269506e-01   5.1271879e-01  -3.5780629e-01  -3.6920254e-01
   2.0000000e+00  -2.2610893e-01  -1.1310056e-01   2.1709473e-01   8.1221273e-01   2.4730494e-01  -9.8784629e-01
   2.0000000e+00   9.3691712e-01  -2.7602634e+00   1.7378044e+00  -7.2031356e-01   2.0479221e-01  -7.2325493e-01
   2.0000000e+00  -2.9418159e-01   3.9355446e-02  -7.8940177e-01  -4.0670036e-01  -7.5941604e-01  -4.5821735e-01
   2.0000000e+00  -5.8583235e-01  -2.3662284e-01  -1.3041212e+00  -2.2742856e-01   4.5771773e-01   1.3126605e+00
   2.0000000e+00   9.9553670e-01   1.5290750e+00   3.0438332e-01  -1.3732911e+00  -1.9796016e-01  -6.6119053e-02
   2.0000000e+00   9.7752875e-02   9.9305401e-02   1.1393489e+00  -2.6510164e-01  -5.0357766e-01  -9.9204922e-01
   1.0000000e+00  -1.5068629e+00   8.4765623e-01  -2.2596626e-01  -1.6750763e-01  -3.3338460e-02   1.8519654e-04
   2.0000000e+00   1.1783433e-03  -1.1106407e-01   5.1380639e-01   4.4469911e-01  -9.0205050e-01  -5.3924898e-01
   2.0000000e+00   3.6961893e-01  -7.4004234e-01   8.1606744e-01   1.4385187e+00   2.6006008e+00   9.1590434e-01
   2.0000000e+00   1.8946181e-01   1.5196783e+00   9.6019648e-01   4.0507511e-01  -5.7018302e-01  -1.0753344e+00
   1.0000000e+00   1.1201393e+00  -7.0532414e-01  -9.4624603e-01  -8.9948291e-01   5.0503320e-01   2.9898820e-02
   2.0000000e+00  -9.5333441e-01  -2.5017456e+00  -2.0973655e+00   1.5022258e+00   1.4351407e+00  -2.0721460e-01
   1.0000000e+00   8.5519368e-01   1.6035146e+00  -4.3049867e-01   1.1060905e-01   4.7282415e-01   3.2861178e-01
   1.0000000e+00  -5.6375819e-01   1.0899481e+00  -9.3164017e-01   2.9758628e-01   2.8335243e-02   4.5941905e-01
   2.0000000e+00  -8.4517523e-01   8.5437151e-01   5.3717320e-01  -1.1032124e+00  -6.4828765e-03   5.7900655e-01
   2.0000000e+00  -1.5520298e-01   9.8600937e-02   1.4437631e+00  -3.0609544e-01  -2.2367498e+00   1.1015131e+00
   1.0000000e+00  -8.9695563e-01   1.0349407e+00  -2.6760336e+00  -2.5377690e-01  -1.0313905e+00   4.1440577e-01
   2.0000000e+00   1.8267104e+00   7.2698057e-01   7.2102768e-02  -8.7757491e-01  -1.1187762e-01  -1.4376184e+00
   1.0000000e+00   4.4048346e-01  -5.3566163e-01   1.8008177e+00   7.4267276e-01  -2.5419329e-01   3.4546576e-01
   2.0000000e+00  -8.5432206e-01  -6.5534191e-01   1.8963642e+00  -1.1341874e+00   5.6921888e-01   6.8276338e-01
   2.0000000e+00   1.0387364e+00  -7.4705271e-01   6.6816669e-01  -5.6449357e-01  -9.7611514e-01  -1.2492645e+00
   2.0000000e+00   2.0201476e-01  -2.4518631e-01  -1.4437519e+00  -1.5549105e+00   2.6493438e+00  -2.2131874e-01
   2.0000000e+00   8.2652714e-01   1.8004467e-01  -4.7165017e-01  -1.0818188e-01  -1.0976200e+00  -7.4133264e-01
   2.0000000e+00   5.1100853e-01   7.7587190e-01  -1.1585620e+00   2.6145888e-01  -2.8334683e-02  -1.5685863e-01
   2.0000000e+00  -7.3628744e-01   2.7977392e-01  -3.6247312e-01   1.2597573e+00   4.4335572e-01   1.7666357e+00
   2.0000000e+00   5.5688940e-01  -7.6482018e-01   6.3072992e-01  -7.1595522e-02  -1.2090637e+00   1.5851395e+00
   2.0000000e+00  -8.5031832e-01  -1.1852908e+00  -1.4705884e+00  -1.2095283e+00   8.5557177e-02   3.3769994e-02
   2.0000000e+00   1.4292528e-01   1.1716896e+00   2.2363560e-02   9.5430275e-01   2.8968512e-01  -1.6426742e-01
   2.0000000e+00   2.3115777e+00   3.0212837e-01   2.2690430e+00  -5.8444142e-01  -3.0064449e-01  -6.0875603e-01
   2.0000000e+00  -2.6283144e+00  -8.8192886e-01  -4.0010409e-01  -6.0091409e-01   1.5722754e+00   1.0579773e+00
   2.0000000e+00  -1.3882745e+00   7.8728503e-02   9.5427303e-01   9.7836423e-02   3.5906194e-03  -1.1505833e+00
   1.0000000e+00  -7.6553839e-01  -6.9491736e-01   1.3331098e+00  -3.5627313e-01  -3.3302891e-01   2.1947921e-01
   2.0000000e+00  -2.3216426e-01  -7.6464941e-02   1.7427803e+00   1.2356147e+00  -2.6709276e-01   1.7294369e+00
   2.0000000e+00   1.5828386e-01  -7.0130508e-01   4.7870350e-01  -2.4940459e+00   1.1765935e+00  -2.5312982e-01
   2.0000000e+00   4.0382775e-01   1.6938182e+00  -1.3943702e+00   6.3158566e-01  -4.2787443e-01  -4.7657203e-01
   1.0000000e+00  -1.7967083e+00   1.0973232e-01   2.4778816e-01   2.4029811e-02   2.9859369e-02   6.8485221e-01
   2.0000000e+00   6.7131518e-01   3.6284998e-01   5.5046968e-01   2.1806593e+00  -3.4358980e-01  -5.4967545e-01
   1.0000000e+00   8.8389033e-01  -4.5225215e-01  -1.0418445e+00  -4.4586904e-01   1.6461810e-01   2.4172728e-01
   2.0000000e+00  -5.6218542e-01  -7.5050062e-01   7.5921941e-01   5.2875350e-01  -1.6606946e+00  -7.2958637e-02
   2.0000000e+00  -3.5186031e-01   8.9663920e-01  -1.1824887e+00   1.3536775e+00  -1.7707991e+00  -2.6754344e-01
   2.0000000e+00   6.7171107e-01  -9.1621512e-01   1.2258252e+00   1.0319228e+00   5.7785135e-01   6.5203261e-01
   2.0000000e+00  -1.5578172e+00  -1.3003458e+00   1.0704153e+00   1.1962224e+00   1.0171285e+00  -9.0157688e-01
   2.0000000e+00   3.4986436e-01   1.5596198e+00  -5.8097001e-01   5.8852645e-01  -7.7685015e-01   1.2684058e+00
   2.0000000e+00   8.1597693e-01   1.3970756e+00   8.3923044e-01   1.0983948e+00  -5.7544118e-01   4.4206110e-01
   2.0000000e+00   9.3985368e-01   1.1985267e+00  -2.9223288e+00  -6.1900759e-01  -5.9945248e-01  -1.0825782e+00
   2.0000000e+00  -1.0671975e+00  -7.0840818e-01   4.8206981e-01  -1.6023896e+00   8.8116906e-02  -8.6081530e-01
   2.0000000e+00   9.9069944e-01   5.6143175e-01  -2.2122381e-01   2.9449118e-01   1.3699706e+00  -4.5051356e-01
   2.0000000e+00   1.3515827e-01   9.9392795e-01  -2.1634882e+00   9.4039839e-01   1.1555607e+00   3.4280997e-01
   2.0000000e+00   2.3160863e-01   1.3106586e-01   1.2218205e+00  -2.4231058e-01  -5.9312015e-01   1.2457697e+00
   2.0000000e+00  -2.0212327e+00   1.3018052e-01  -9.4647817e-01  -6.8241367e-01  -8.4080149e-01   1.4979368e+00
   2.0000000e+00  -2.1365023e+00  -1.0383327e+00   7.9925599e-01   8.1915942e-01  -2.2404668e-01   6.4917462e-01
   2.0000000e+00  -5.6955886e-01  -5.2224371e-01  -3.2233177e-01   1.7451442e-01   1.3487742e+00   1.0795253e+00
   2.0000000e+00  -7.3933974e-01  -2.3601354e+00   4.5067829e-01  -2.9997696e-01  -7.9345393e-01  -1.3938232e+00
   2.0000000e+00  -2.7535286e-02   6.4258338e-01  -1.7755379e+00  -8.4722186e-01  -1.4498020e-01   5.6277956e-01
   2.0000000e+00  -3.6992789e-01  -9.7811296e-01   1.1096480e+00   2.0755642e+00  -1.4142174e+00   6.0646135e-01
   2.0000000e+00   4.5896096e-01   2.7329742e-01  -2.0599264e-01  -1.7571967e+00  -8.3376034e-01  -1.7800522e+00
   2.0000000e+00   1.0987957e-01  -2.3187680e-01  -2.8571976e-01  -1.1215415e+00  -8.2631911e-01  -3.4859484e-01
   1.0000000e+00   6.1739045e-02  -1.0242039e+00  -6.1242164e-01  -9.3197568e-01   1.6967236e+00   3.5249827e-01
   1.0000000e+00  -1.4732163e+00  -9.7353219e-01   4.9154877e-01   6.0326835e-01  -1.7972725e+00   8.0127708e-02
   2.0000000e+00   1.5644491e+00   2.2532544e-01  -1.4407807e+00   4.2974437e-01  -2.1253542e+00   1.1676609e-01
   2.0000000e+00   1.6853793e+00  -6.1666710e-01   8.2753222e-01   8.9496972e-01   1.2838707e-01  -1.0916400e+00
   2.0000000e+00  -1.0627024e+00  -1.3472607e-01   5.5581201e-01  -8.2406926e-01   1.0760465e+00  -1.5195737e+00
   1.0000000e+00   3.9362368e-01   6.0995593e-01   7.2250990e-01   8.3593574e-02  -7.6554756e-01   1.3973936e-01
   2.0000000e+00   3.4362188e-01   6.4606371e-02   1.3575728e+00   2.0178484e+00   1.8708650e+00  -1.5820209e-01
   2.0000000e+00  -8.2888699e-01  -2.8223188e+00   2.0061185e+00   1.0888493e+00  -7.0674327e-03   5.8209744e-01
   2.0000000e+00  -2.8599863e-01  -6.6252209e-01   1.9498096e-01  -1.7436485e+00   1.6719343e+00   1.1104608e+00
   2.0000000e+00   1.1749225e+00   2.8584417e+00   1.1255970e+00  -4.7477931e-01   1.3554828e+00  -2.2456788e-01
   2.0000000e+00   2.7664982e+00   8.1144669e-01  -5.6156640e-01  -7.8532688e-01  -1.1572911e+00  -9.2126442e-01
   2.0000000e+00   4.8117168e-01   2.1308660e-01  -1.2163510e+00  -9.4834067e-01  -1.2164481e+00   1.1673312e+00
   2.0000000e+00   6.1099938e-01  -5.5357787e-02  -2.8961712e-02   1.9987054e-01  -1.3364584e+00   1.2510176e+00
   2.0000000e+00   3.5945697e-01   1.4242208e+00   6.2123702e-01  -3.0686747e-01  -1.1593037e+00  -2.0646294e-01
   2.0000000e+00  -1.4289338e+00  -5.7871203e-01   1.6937362e-01   1.2499569e+00   3.0337164e-01   3.0791125e-01
   2.0000000e+00  -1.4810225e+00  -3.9738555e-01   1.1404832e-02  -3.2324911e-01   2.7368503e+00   3.1156250e-01
   1.0000000e+00  -2.1907957e+00  -2.1787326e-01  -3.3341279e-02   6.8118666e-01  -5.0202780e-01   4.3524401e-01
   2.0000000e+00  -1.1790300e-01  -9.7434859e-01   9.5075876e-01   9.4674762e-01   3.6369354e-01  -1.5712189e+00
   2.0000000e+00   9.9247919e-01   1.1272291e+00  -5.0657770e-01  -2.1069032e-01  -1.7887592e+00   9.4945201e-01
   2.0000000e+00  -4.9935880e-02  -4.1831704e-01   2.8878253e-01  -6.7125845e-01   5.0894082e-02  -3.8218352e-01
   2.0000000e+00   8.7516021e-02   1.1710642e+00   6.0467232e-01  -1.0546017e+00  -5.7777631e-02   8.2962030e-01
   2.0000000e+00   5.3822584e-01  -2.8551067e-02  -1.0252752e+00  -2.3241282e+00  -9.2194379e-03  -7.4734224e-01
   2.0000000e+00  -1.8163176e-01  -1.8677331e+00   1.4150811e+00   9.5288948e-01  -2.4693506e-01   7.6943359e-01
   2.0000000e+00  -6.3550798e-01  -9.3052102e-01   1.6110787e+00   9.5626085e-01  -1.6068321e+00  -4.4600537e-02
   2.0000000e+00   1.1122990e+00   2.3601811e-01  -2.2026996e+00  -5.2020015e-01   5.7869755e-01  -1.7490275e-01
   1.0000000e+00   3.6003879e-01   7.8527276e-01   2.5918964e-01   3.4323155e-01  -5.1893619e-01   4.7904164e-01
   2.0000000e+00   1.1972783e+00  -9.7230279e-01   1.1208522e+00  -4.3058318e-01   1.1495335e+00  -1.9480901e-01
   2.0000000e+00  -1.3126932e+00   4.7303365e-01   4.2494267e-01  -6.2981739e-01   2.3437850e+00  -4.9649044e-01
   2.0000000e+00   2.0912682e+00   1.4097528e+00  -9.9655323e-01  -1.9317948e+00   6.1093505e-01   1.1612180e+00
   2.0000000e+00   8.5170189e-01   2.9803557e+00   5.0566922e-01  -1.3918348e+00   1.9972506e-01  -1.0740917e-01
   2.0000000e+00  -1.8260391e+00  -2.9830483e-01  -1.6215251e+00  -1.3109002e+00   1.6631986e-01   6.0414646e-01
   2.0000000e+00   2.8637304e-01   1.6246867e-01  -4.3837270e-01  -2.0805823e-01   1.3523494e+00   1.1180106e+00
   1.0000000e+00  -1.0715409e+00  -1.1763110e+00  -1.5150125e+00   9.1052645e-03  -1.4035283e+00   8.6081217e-01
   2.0000000e+00  -6.2007577e-01  -3.3235597e-01   2.2193812e-02   4.9177399e-01  -1.1944162e+00  -5.3043538e-01
   2.0000000e+00   4.8609527e-01   1.1086031e+00  -1.9457798e+00   1.5119114e+00  -6.0289026e-01   9.7568319e-01
   2.0000000e+00   1.1619600e+00  -2.0150562e+00   1.1426025e+00   6.4452919e-01  -7.6488134e-01   1.1377373e+00
   2.0000000e+00   1.8093067e+00  -8.5476863e-02   4.6285595e-01   3.0505219e-01  -9.5050434e-03  -1.1927883e+00
   2.0000000e+00  -3.2229332e-01   1.6882590e+00  -1.6604473e-01   1.2090640e+00   1.0271280e+00  -2.2539898e+00
   2.0000000e+00  -8.9786755e-01   6.0937632e-01   3.5200014e-01   4.7563551e-01  -6.6007760e-01   1.2304320e+00
   2.0000000e+00  -1.8961492e+00  -9.1162031e-02  -1.9055369e-02  -2.9042195e-01   9.8757709e-01  -6.3959026e-01
   2.0000000e+00  -1.9104381e+00   2.1455102e+00   2.2595643e+00   9.1787573e-01  -1.5446783e+00   2.4173914e+00
   2.0000000e+00  -1.4379889e+00  -7.6061519e-02  -1.2501991e-01  -3.9491676e-01  -3.2220682e-01  -8.3718173e-01
   2.0000000e+00   1.6933514e+00  -9.2590277e-01  -8.5974803e-01   1.5720041e+00   7.3547748e-01  -1.0679665e-01
   2.0000000e+00   2.1977244e-01   1.1253959e+00   5.2786063e-01  -4.2058255e-01   3.9582660e-02   1.4703019e+00
   2.0000000e+00   1.6568487e+00  -1.4514020e+00  -4.7238451e-01  -2.4658784e-01  -5.6849900e-01  -3.8688166e-01
   2.0000000e+00   3.1159878e-04  -9.9005157e-01   1.4717418e+00  -1.0075389e+00  -3.6232603e-01  -1.3389919e+00
   2.0000000e+00  -1.5693366e+00  -3.6446535e-01  -5.9021972e-01  -9.8244802e-01   5.9800407e-01  -5.4094496e-01
   2.0000000e+00   1.0327233e+00   1.6906587e+00  -4.5642456e-02   1.2705460e-01   1.9706794e-01  -6.2654522e-01
   2.0000000e+00   1.7840218e-01  -4.4132863e-01   2.1191421e-01  -1.0207937e+00   5.1357519e-01   5.3156783e-01
   2.0000000e+00  -5.5001991e-01  -8.8333435e-01  -1.3440886e+00  -3.7518085e-01  -4.4565736e-01  -8.8073470e-02
   2.0000000e+00   3.2578979e-01  -7.8925652e-01   6.5859144e-01  -7.5031172e-01  -2.1453272e+00   1.6891572e+00
   2.0000000e+00  -1.3440194e+00   3.7760105e-01   1.8840224e+00  -2.0386047e+00  -8.0589686e-01  -2.1481289e-01
   1.0000000e+00   1.0072451e+00  -1.8801130e-01   8.0210474e-02  -2.6666199e-02   2.3718970e-01   4.0407232e-01
   2.0000000e+00  -1.0078098e-01   2.1740189e-01   1.5264527e+00   1.7082340e-01   1.8715827e+00  -1.1510770e+00
   1.0000000e+00   1.1832285e+00  -1.7512337e+00   7.9654858e-01   2.5083017e-01   9.3241671e-01   2.8753285e-01
   1.0000000e+00  -1.0800166e-01   1.8570330e-01   2.0319371e+00  -3.8958299e-01  -4.4900005e-01   1.2731260e-01
   2.0000000e+00   5.6408077e-01  -2.4659780e-01   2.6131851e-01  -5.2131356e-01  -6.3705513e-01  -5.5859283e-01
   2.0000000e+00   7.4843857e-01   1.5109893e+00   6.8673084e-01  -2.0701537e-01   3.3518564e-01  -5.9796865e-01
   2.0000000e+00   2.8350844e-01  -7.3073861e-01   1.2843682e-01   2.2912189e-01   9.6923055e-01   1.0275654e+00
   2.0000000e+00   5.1643168e-02   1.5369146e+00  -7.8523342e-01   1.5171985e-01  -1.8301326e-02  -1.1521962e+00
   2.0000000e+00   6.9286335e-01  -4.5229253e-01  -4.0598933e-02   4.2381497e-01   8.8714483e-01  -4.4806389e-01
   2.0000000e+00   2.2487472e-01  -4.8520787e-01  -2.8879206e+00   4.8848365e-01   4.7701736e-01  -1.6800709e-01
   2.0000000e+00  -1.7682808e+00  -7.0732286e-01   9.5182535e-01  -1.7716338e+00  -5.8753838e-01   8.5018445e-01
   2.0000000e+00  -5.2063471e-01  -1.8501537e-01   1.4595701e-01   1.9926844e+00   1.3940510e-01   6.8551368e-01
   2.0000000e+00  -8.0499907e-01   1.0400813e+00  -4.6417096e-01   9.7811794e-01  -1.0038168e+00  -2.1457882e-01
   2.0000000e+00  -7.1231007e-01   3.4849392e-01   1.9632416e-01  -1.2802800e+00  -1.3590628e+00   1.0276938e+00
   1.0000000e+00  -7.8795510e-01  -6.7144892e-01   3.3907162e-01   2.0716683e-01   1.3127632e+00   2.8729726e-01
   2.0000000e+00   1.8146442e+00   1.2197530e+00  -8.0255081e-01   7.5788054e-01  -8.3908930e-01  -1.9342388e-01
   2.0000000e+00   3.2384826e-01  -8.7923340e-01  -7.9561729e-01  -2.5064814e-01   5.3819804e-01  -1.0456181e-01
   2.0000000e+00   6.2984813e-01   1.9574444e+00  -1.8365951e+00  -1.5103776e-01  -2.6519537e-01  -1.1143832e+00
   2.0000000e+00   1.5408275e+00  -5.8445996e-01  -5.5623699e-01  -5.9234895e-01  -5.9151782e-01  -5.8568268e-01
   2.0000000e+00   4.0861240e-02  -4.4905200e-01  -5.9467749e-01  -1.8079746e-01   2.8641656e-01  -1.4149239e-01
   1.0000000e+00  -5.0492548e-01   1.4250927e+00  -1.5603015e-01  -1.4854279e-01   1.0547881e+00   6.9298580e-01
   2.0000000e+00  -2.2293214e-01  -3.4000493e-01  -1.6755676e+00   4.0569752e-01  -8.8216456e-01  -2.1554605e-01
   2.0000000e+00  -1.0478700e+00  -1.1497732e-01   3.4462222e-01  -1.0013057e+00  -1.6875017e+00   6.4161132e-02
   2.0000000e+00  -7.2890212e-01  -3.2944624e-01   1.0359276e+00  -9.3596232e-01  -2.3836366e-01  -1.0879591e+00
   2.0000000e+00  -2.2096167e+00  -6.1063569e-02   1.1243791e-01  -2.0745189e-01   3.4350638e-02   1.1509041e+00
   2.0000000e+00  -3.0006055e-01   6.2993542e-01   1.6219505e+00  -4.7567398e-01   6.5013730e-01  -5.8037521e-01
   1.0000000e+00   1.0508451e+00  -1.3481559e+00  -1.3126116e+00  -8.0244069e-01   1.8474015e-01   4.7710166e-01
   2.0000000e+00  -6.5516206e-01  -1.4395040e+00   4.3765196e-01  -3.6878475e-02  -1.6516614e-01  -1.0863938e+00
   2.0000000e+00  -2.6500696e-01  -1.4831289e+00   7.5527566e-01  -1.5037354e+00   2.1141026e+00  -1.7926291e+00
   2.0000000e+00   1.1865031e+00   1.1743065e+00   7.6526548e-01  -7.4633592e-01   2.4368101e-01   9.2785257e-01
   2.0000000e+00   1.3006288e+00   2.2648540e-01   6.7487441e-02  -8.5453508e-01   1.3917241e+00   9.8486619e-01
   1.0000000e+00  -9.8752358e-01  -2.1390921e-01   1.5453326e+00   3.2379607e-01  -1.0857824e+00   3.8365078e-01
   2.0000000e+00  -3.7525438e-01   2.3377937e-01   2.1861079e+00   7.9716176e-01   1.1204808e+00  -2.1687940e-01
   2.0000000e+00   2.1723842e-01  -1.5945161e+00  -1.3187139e+00   9.1965878e-01   1.1113120e+00   1.3926566e+00
   2.0000000e+00  -1.8785959e+00  -3.8997705e-01  -1.1220140e-01  -7.6947844e-01  -4.0141413e-01  -1.5653930e+00
   2.0000000e+00   2.7685114e+00  -1.3388504e+00  -2.5704009e-03   1.2063912e+00   1.0650033e+00   2.6948341e-01
   2.0000000e+00   8.3198083e-01  -2.9706855e-01   1.7842754e+00  -1.0788321e+00  -2.9018730e-01  -1.7544639e+00
   1.0000000e+00  -1.2674498e+00  -2.8238142e-01   1.0259092e+00  -7.3418742e-02  -9.8185928e-01   4.1696103e-02
   1.0000000e+00  -1.9925217e-02  -6.4342611e-01  -8.1642436e-01   1.6397937e-01  -4.4859917e-03   1.1894533e-01
   2.0000000e+00   3.8351418e-01   9.1993713e-01  -8.3708237e-01  -6.8381288e-01   2.4045837e-01  -7.7141258e-01
   2.0000000e+00   1.3122851e+00   4.8138171e-01  -5.6778201e-01   2.3175518e-01  -9.3602342e-01  -1.5095364e+00
   2.0000000e+00   4.5117879e-01   3.7566455e-01   6.2955788e-02   1.2851567e+00  -1.0231962e+00  -5.9262475e-01
   1.0000000e+00  -2.4017422e+00  -8.1970652e-01   1.0260205e+00   1.0718092e-01  -8.5438173e-01   3.7003214e-01
   2.0000000e+00  -4.9026911e-01   7.3835315e-02  -6.7453924e-01   9.8770528e-02   1.0946956e+00  -1.6584264e+00
   2.0000000e+00   8.2825468e-01   5.4218931e-01   1.0080480e+00   2.5742356e-01  -1.0782359e-01  -4.0548694e-01
   2.0000000e+00  -1.6585559e+00   7.3596495e-01  -5.9713700e-01   2.6916849e-01  -6.8939560e-01  -3.5917109e-02
   2.0000000e+00  -6.2543858e-01  -5.1087122e-01  -6.7745446e-01   2.0919845e+00  -4.1719904e-01  -8.9075980e-01
   2.0000000e+00  -4.4161529e-01  -8.1433709e-01   5.7642794e-01   2.9957783e-01  -6.5526447e-01  -2.9860973e-01
   2.0000000e+00   3.0652939e-01   2.7549509e-01  -3.2114295e-02   8.5127337e-02   9.4924743e-02   2.1542429e+00
   2.0000000e+00   2.0226441e+00   6.8508447e-01  -3.3855607e-01  -1.3977657e+00  -1.3318909e+00   1.9125157e+00
   2.0000000e+00  -1.1888999e+00   1.4507203e-01   1.6706253e+00   9.0205290e-01  -1.9062076e+00   1.4906256e+00
   2.0000000e+00   1.6112849e-01  -3.4969054e-01   7.8719318e-01   1.4808486e+00  -1.0407893e+00  -1.1592582e+00
   1.0000000e+00  -3.5246256e-01   3.3918482e-01  -1.3263791e+00  -1.4418688e-01  -5.2381932e-01   3.1810075e-01
   2.0000000e+00  -1.8723416e-01  -4.0803902e-01  -2.3864139e-01   1.9975482e+00  -1.1438347e+00  -1.3101119e+00
   2.0000000e+00  -5.8678985e-01   1.9294462e-01   1.1321825e+00  -2.8041164e+00   3.9091591e-01  -4.5672487e-01
   1.0000000e+00  -2.6393587e+00   9.1662786e-01  -1.0644105e+00   2.5342237e-02  -1.4124963e+00   3.0939503e-01
   2.0000000e+00   1.5127205e+00   3.3082160e-02  -1.3286242e+00   8.7052565e-02   1.4204800e-01  -7.5841198e-01
   2.0000000e+00  -4.8935185e-01  -1.0614230e+00   8.1147824e-01   7.0014076e-03   8.0836234e-01  -7.4532856e-02
   2.0000000e+00   1.6206424e-01  -3.0681845e-01   5.3136439e-01   2.4583072e-01   1.9732673e+00  -3.7839021e-01
   2.0000000e+00   5.6792941e-01   4.8600122e-01  -1.0351084e+00   5.7316044e-01   1.6854798e+00  -1.0242910e+00
   2.0000000e+00  -4.0932193e-01  -7.5700036e-01  -2.7776641e-01  -1.1531834e+00  -2.7706242e-02  -1.6157162e+00
   2.0000000e+00   6.3206096e-01   2.3604033e-01  -6.0324279e-01  -8.4666960e-01   7.2959973e-01  -8.8133819e-01
   2.0000000e+00  -1.3197701e+00   1.2369978e+00  -4.2983829e-01   1.0793026e+00  -7.1920975e-01  -4.0061066e-02
   2.0000000e+00  -8.8174383e-01   5.0790453e-02  -3.9548360e-01   7.4731041e-01   4.7427927e-01  -1.6554639e-01
   2.0000000e+00  -2.8998628e-01   7.9388813e-01  -9.0537730e-01  -1.3873958e+00   3.6358444e-01   2.1025740e+00
   2.0000000e+00  -4.8848513e-02  -1.1833446e+00  -5.3974486e-01  -1.7009253e-02   1.1657486e+00  -5.1070391e-01
   2.0000000e+00  -7.3441858e-01  -4.8030514e-01  -1.0481392e+00  -5.2291904e-01   1.1150968e+00  -1.2104710e+00
   2.0000000e+00  -1.1037743e-01   2.1242297e+00  -5.6451792e-02   1.2027993e+00  -5.0248898e-01  -1.8698345e+00
   2.0000000e+00  -1.5372993e-01  -2.2982285e-01   3.1329942e-01   4.4391606e-01   4.4565943e-01  -8.4968348e-01
   1.0000000e+00  -1.4849264e-01   8.7937133e-02   1.4204302e+00  -3.5151652e-02  -1.9455208e+00   3.1307465e-01
   2.0000000e+00  -2.2133452e+00   1.4834792e+00  -2.7410841e-01  -2.8049893e-01  -5.3450564e-01  -1.3621658e+00
   2.0000000e+00  -1.2434088e+00  -5.6110363e-01  -4.6209140e-01  -1.4783452e+00   1.3018292e+00  -1.2192024e-01
   2.0000000e+00   3.7303167e-01  -3.5478303e-01   1.3918146e+00   3.7124921e-01  -1.5748204e+00   2.0932839e+00
   2.0000000e+00   4.3482392e-01  -2.0561161e+00  -6.8467273e-01  -5.7775243e-01   1.0435518e+00  -2.8342716e-01
   2.0000000e+00   1.1277674e+00  -1.2214147e+00  -7.2714114e-01   2.2014889e-01   9.3083531e-01  -3.1558613e-01
   1.0000000e+00   6.3425837e-01   3.5115105e+00   1.0063747e+00   4.7826227e-01   1.0736561e+00   1.8749760e-01
   2.0000000e+00   7.7811069e-01   3.0155378e-01   1.5203568e-01   1.6058619e+00   6.4476019e-01  -4.5080307e-01
   2.0000000e+00   1.0586273e+00  -8.0827037e-01  -2.4959182e+00   2.2577589e+00  -1.1825274e-01   1.4980374e+00
   2.0000000e+00  -7.1764286e-01   3.5277567e-01  -3.1297306e-01  -1.3564512e-01  -9.8816066e-01  -1.6748742e+00
   1.0000000e+00   1.0712824e+00   1.6888597e+00   8.6504308e-01  -1.5706315e-01   6.9536243e-01   6.4439820e-02
   2.0000000e+00   4.0366246e-02   1.2335078e+00  -1.2009527e+00   4.2855793e-02  -2.2808020e+00  -2.5820922e+00
   2.0000000e+00   8.1969577e-02   1.2937549e+00   7.7511545e-01   1.3439826e+00   8.8619984e-02   1.8764322e+00
   2.0000000e+00  -3.2886023e-01   2.0105833e+00  -5.0656462e-01  -8.3901132e-01  -1.7686407e-01   7.3085833e-01
   2.0000000e+00   9.0773022e-02   2.0169741e-02   9.6272950e-01  -1.6526592e-01   1.3973923e+00  -6.8241104e-01
   2.0000000e+00  -3.6389730e-02  -3.2325391e-01   6.8949826e-01   5.4801378e-01   5.1966014e-01  -3.3410197e-01
   1.0000000e+00  -5.6694084e-02   1.4771997e+00  -7.8634366e-01  -5.6263323e-01  -3.0197392e-01   4.0768627e-01
   1.0000000e+00   1.3839312e-01   1.7693816e-01   3.3001718e-01  -1.1169816e-01  -2.8120366e-01   9.8971966e-01
   2.0000000e+00   8.7892611e-01  -1.7057861e-02   7.6941670e-01  -6.4420907e-01  -2.3885110e+00  -1.1486514e+00
   2.0000000e+00   9.4089498e-02  -7.0710639e-01  -1.0185737e+00  -1.2045601e+00  -3.5840689e-01  -6.0824778e-02
   2.0000000e+00   1.2988055e+00   1.6146844e+00   1.7406724e+00  -5.8905632e-01  -2.3581794e-01   1.0375449e+00
   1.0000000e+00  -1.5127398e+00   4.2834277e-01  -8.2704124e-01   7.8486704e-02   7.2498023e-01   1.3112815e-01
   2.0000000e+00   7.5010876e-01  -1.9828152e+00   4.1807657e-01   5.6804494e-01   4.3836114e-01   1.7001042e+00
   2.0000000e+00  -2.3058886e-01   3.3543346e-01   4.5614414e-01  -3.8960895e-01   2.4180374e-02  -1.6693342e+00
   2.0000000e+00   1.8538038e+00   6.3730932e-01  -2.6251531e-01  -1.7444885e+00   3.6697325e-01  -1.4725316e-01
   2.0000000e+00   9.0139894e-01   3.2130689e-01   9.6322117e-01  -6.0768133e-01  -6.8275873e-01  -5.1341311e-02
   2.0000000e+00  -5.2598425e-01   4.5867499e-01   8.0223608e-01  -2.0991025e+00   1.2372459e+00   9.6120101e-01
   2.0000000e+00   1.6097446e+00  -1.7253481e+00  -1.8391909e+00   2.1062011e+00   1.3465093e+00   2.4080876e+00
   2.0000000e+00   5.3618729e-01   8.6387866e-01  -7.8309505e-02   8.1138551e-01  -5.8104080e-01  -1.4218495e+00
   2.0000000e+00  -1.3436236e+00   1.0842911e+00   4.1737301e-01  -1.1490192e+00   1.2082702e+00  -9.6522072e-02
   2.0000000e+00   1.4340764e+00   2.7870661e-01  -1.0604201e+00  -3.8153675e-01  -1.4267133e-01  -5.0137067e-01
   2.0000000e+00  -3.1492030e-01  -1.6182990e+00  -2.7999160e-02   1.1312498e+00  -7.5667571e-02  -2.8397115e-01
   2.0000000e+00   9.6928569e-01  -1.2716565e+00  -5.2914420e-01  -6.1652683e-01  -9.8217653e-01   1.2218442e+00
   2.0000000e+00  -3.7359075e-01  -1.2433543e+00  -1.9707016e+00  -1.3020387e+00   1.7224275e+00   8.3481976e-01
   2.0000000e+00  -3.1115471e-01  -7.2886699e-01  -4.7267146e-01  -9.2158441e-01   3.7469642e-01   4.0257991e-01
   2.0000000e+00   1.9270725e-01  -1.0047861e+00   7.4922537e-02  -6.2258898e-02   1.4996740e-01  -7.5437968e-02
   2.0000000e+00   8.4581424e-01  -2.6554763e-01   1.1696076e+00   7.5162027e-01  -3.2568397e-01  -8.0891464e-01
   2.0000000e+00  -4.6347827e-01  -3.0523497e-01  -1.0960481e+00  -2.5606114e-01   1.7300165e-01   1.4743980e+00
   2.0000000e+00  -4.1351995e-01   1.6078078e-02   5.4100740e-01   8.1866414e-01  -1.1421246e+00   8.8681669e-01
   2.0000000e+00   6.2516876e-01   1.2945205e+00  -2.0524297e+00  -5.5282637e-01  -6.3109054e-01  -1.7539807e-01
   2.0000000e+00  -8.3839245e-01   1.3282490e-01  -5.6789527e-02   1.0711143e+00  -1.0664970e+00   4.6504572e-01
   2.0000000e+00   1.3778687e+00   4.7988789e-01  -6.7582033e-01  -2.3782287e+00  -9.7112069e-02  -1.5684182e+00
   2.0000000e+00   1.6734691e+00   9.4038621e-01  -1.5398447e+00   2.4020832e-01  -1.1810384e+00  -5.2705509e-01
   2.0000000e+00  -5.3746729e-02   1.7090809e+00   2.2230685e-01  -8.4696941e-01   1.8362193e+00  -1.1839330e+00
   1.0000000e+00  -1.2958065e+00   1.2446032e+00  -2.2482016e-01  -7.8605947e-01  -1.8506255e-01   3.8980624e-02
   2.0000000e+00   5.0591388e-01   6.8236429e-01  -5.4214311e-02  -5.3554979e-01   6.7615719e-01   1.5330879e+00
   2.0000000e+00   1.3912599e+00  -1.4482962e+00   1.5202727e+00   7.6208486e-01  -1.1720737e+00  -1.4296535e+00
   2.0000000e+00   2.0057542e-03   8.2838783e-01   1.1139898e+00  -6.9901692e-01   5.2616753e-02   1.8377154e+00
   2.0000000e+00  -7.4021508e-01   7.6789035e-02   9.1310222e-01   5.8842510e-02  -5.3214209e-02   1.7339751e+00
   2.0000000e+00  -1.1034110e+00   1.3506535e+00  -1.2137597e-01   3.0200144e-01  -1.1944205e-01   9.5371609e-01
   2.0000000e+00   3.3450304e-01   7.8772855e-01   1.4258326e+00   2.3555482e-01  -1.6576612e+00  -1.2231673e+00
   2.0000000e+00   1.4466500e+00  -3.8283004e-01  -2.7291820e-01   1.3446792e+00   5.8659575e-01   6.9308879e-02
   2.0000000e+00   6.9407518e-01   9.3915855e-01   3.3775797e-01  -4.1827538e-01  -3.4932678e-01  -3.0261419e-01
   2.0000000e+00  -9.6245235e-01   6.3521153e-01   4.7493556e-01   3.3713685e-02  -1.0285878e+00  -1.2325469e-01
